     [3.22e-01,4.38e-02,7.97e-03,8.08e-03,5.37e-03,2.20e-02,4.04e-02,3.01e-02,1.41e-02,1.67e-02,9.50e-03,7.42e-03,1.28e-03,7.80e-04,8.24e-66,6.38e-120],
     [5.48e-02,7.67e+00,3.66e-01,2.08e-02,3.63e-02,1.28e-01,1.49e-01,1.29e-01,1.09e-01,6.71e-02,4.95e-02,1.36e-02,4.21e-03,2.32e-03,3.48e-04,8.09e-39],
     [4.61e-04,1.42e+00,7.09e+00,1.14e-01,2.03e-02,8.62e-02,7.86e-02,1.15e-01,1.06e-01,7.16e-02,4.44e-02,2.01e-02,4.21e-03,1.10e-03,4.94e-25,1.82e-04],
     [2.59e-03,3.13e-02,1.14e+00,2.12e+00,4.75e-02,5.34e-02,5.42e-02,7.09e-02,5.36e-02,5.58e-02,2.82e-02,1.61e-02,3.53e-03,1.20e-03,6.20e-33,1.70e-70],
     [7.21e-03,2.90e-02,1.01e-02,4.86e-01,4.02e-01,5.62e-02,3.46e-02,3.97e-02,2.33e-02,2.59e-02,1.28e-02,8.56e-03,6.06e-04,1.50e-03,1.77e-04,1.22e-47],
     [7.08e-03,1.78e-01,4.84e-02,1.37e-01,3.11e-01,2.31e-01,3.66e-02,4.49e-02,4.85e-02,3.80e-02,9.04e-03,1.35e-02,3.95e-03,3.18e-03,4.63e-04,1.29e-03],
     [1.42e-02,5.31e-01,3.05e-01,1.08e-01,5.21e-02,1.14e-01,9.47e-02,6.12e-02,6.09e-02,2.86e-02,2.15e-02,3.04e-03,4.92e-03,5.64e-04,1.65e-48,3.11e-55],
     [2.42e-02,2.87e-01,1.83e-01,5.23e-02,1.92e-02,6.84e-02,8.72e-02,6.09e-02,6.23e-02,2.70e-02,3.72e-03,8.15e-03,5.09e-04,2.57e-03,1.84e-123,9.69e-67],
     [7.84e-03,1.45e-01,1.01e-01,2.32e-01,8.47e-03,3.11e-02,2.81e-02,3.57e-02,7.09e-02,2.31e-02,2.42e-02,6.45e-03,4.99e-03,5.71e-04,4.81e-68,2.40e-92],
     [6.57e-02,2.81e-01,1.60e-01,3.35e-01,5.56e-03,3.46e-02,6.18e-02,5.05e-02,4.40e-02,2.43e-02,2.84e-02,1.27e-02,2.95e-03,1.95e-03,6.21e-134,3.27e-72],
     [1.73e-02,4.06e-01,4.50e-01,2.92e-01,5.18e-03,1.60e-02,4.18e-02,3.93e-02,4.62e-02,5.87e-02,2.87e-02,1.51e-02,4.17e-03,9.96e-24,1.24e-117,5.64e-78],
     [6.15e-02,3.36e-01,2.62e-01,1.93e-01,5.63e-03,5.64e-02,2.08e-02,3.35e-02,4.04e-02,2.77e-02,2.38e-02,2.66e-02,8.33e-03,1.23e-31,7.82e-04,7.62e-04],
     [3.64e-02,5.26e-02,2.51e-02,8.98e-02,1.10e-02,1.56e-03,1.41e-02,3.86e-02,8.34e-03,1.29e-02,1.02e-02,5.41e-03,1.93e-02,1.13e-02,4.42e-67,2.12e-37],
     [1.68e-03,4.54e-02,1.61e-02,8.44e-32,2.35e-03,2.53e-03,1.57e-02,6.65e-03,6.46e-03,1.00e-02,2.19e-03,1.61e-02,8.29e-03,1.86e-02,1.11e-02,3.46e-126],
     [1.28e-28,5.11e-26,1.93e-40,7.59e-03,2.64e-22,1.70e-24,1.26e-26,7.62e-03,7.85e-03,2.11e-02,3.52e-02,2.14e-02,7.74e-03,8.01e-03,7.91e-03,2.14e-02],
     [2.82e-94,2.11e-02,8.46e-42,2.12e-02,4.90e-36,7.59e-03,9.77e-69,2.23e-60,1.44e-48,8.56e-60,4.69e-42,1.60e-46,2.21e-83,8.86e-107,1.02e-80,6.61e-113],
